***Escena
*CoordenadasLRBT
-86.6667	46.6667	-86.6667	46.6667
*NumeroDL
1
***DL
1536
20.4074	-60.1315	20.7778	-59.49
19.6667	-60.1315	20.4074	-60.1315
20.037	-60.773	19.6667	-60.1315
19.6667	-61.4145	20.037	-60.773
20.037	-58.207	19.6667	-57.5655
19.6667	-58.8485	20.037	-58.207
20.4074	-58.8485	19.6667	-58.8485
20.7778	-59.49	20.4074	-58.8485
21.1481	-57.5655	21.8889	-57.5655
20.7778	-56.924	21.1481	-57.5655
20.4074	-57.5655	20.7778	-56.924
19.6667	-57.5655	20.4074	-57.5655
22.6296	-56.2825	23	-55.641
21.8889	-56.2825	22.6296	-56.2825
22.2593	-56.924	21.8889	-56.2825
21.8889	-57.5655	22.2593	-56.924
14.4815	-61.4145	15.2222	-61.4145
14.1111	-60.773	14.4815	-61.4145
13.7407	-61.4145	14.1111	-60.773
13	-61.4145	13.7407	-61.4145
15.963	-60.1315	16.3333	-59.49
15.2222	-60.1315	15.963	-60.1315
15.5926	-60.773	15.2222	-60.1315
15.2222	-61.4145	15.5926	-60.773
17.0741	-60.773	17.4444	-61.4145
17.4444	-60.1315	17.0741	-60.773
16.7037	-60.1315	17.4444	-60.1315
16.3333	-59.49	16.7037	-60.1315
18.9259	-61.4145	19.6667	-61.4145
18.5556	-60.773	18.9259	-61.4145
18.1852	-61.4145	18.5556	-60.773
17.4444	-61.4145	18.1852	-61.4145
15.5926	-65.905	15.2222	-65.2635
15.2222	-66.5465	15.5926	-65.905
15.963	-66.5465	15.2222	-66.5465
16.3333	-67.188	15.963	-66.5465
13.7407	-65.2635	13	-65.2635
14.1111	-65.905	13.7407	-65.2635
14.4815	-65.2635	14.1111	-65.905
15.2222	-65.2635	14.4815	-65.2635
13.7407	-63.9805	14.1111	-63.339
13	-63.9805	13.7407	-63.9805
13.3704	-64.622	13	-63.9805
13	-65.2635	13.3704	-64.622
13.3704	-62.056	13	-61.4145
13	-62.6975	13.3704	-62.056
13.7407	-62.6975	13	-62.6975
14.1111	-63.339	13.7407	-62.6975
13.7407	-71.6785	14.1111	-71.037
13	-71.6785	13.7407	-71.6785
13.3704	-72.32	13	-71.6785
13	-72.9615	13.3704	-72.32
13.3704	-69.754	13	-69.1125
13	-70.3955	13.3704	-69.754
13.7407	-70.3955	13	-70.3955
14.1111	-71.037	13.7407	-70.3955
14.4815	-69.1125	15.2222	-69.1125
14.1111	-68.471	14.4815	-69.1125
13.7407	-69.1125	14.1111	-68.471
13	-69.1125	13.7407	-69.1125
15.963	-67.8295	16.3333	-67.188
15.2222	-67.8295	15.963	-67.8295
15.5926	-68.471	15.2222	-67.8295
15.2222	-69.1125	15.5926	-68.471
15.5926	-42.811	15.2222	-42.1695
15.2222	-43.4525	15.5926	-42.811
15.963	-43.4525	15.2222	-43.4525
16.3333	-44.094	15.963	-43.4525
13.7407	-42.1695	13	-42.1695
14.1111	-42.811	13.7407	-42.1695
14.4815	-42.1695	14.1111	-42.811
15.2222	-42.1695	14.4815	-42.1695
13.7407	-40.8865	14.1111	-40.245
13	-40.8865	13.7407	-40.8865
13.3704	-41.528	13	-40.8865
13	-42.1695	13.3704	-41.528
13.3704	-38.962	13	-38.3205
13	-39.6035	13.3704	-38.962
13.7407	-39.6035	13	-39.6035
14.1111	-40.245	13.7407	-39.6035
13.7407	-48.5845	14.1111	-47.943
13	-48.5845	13.7407	-48.5845
13.3704	-49.226	13	-48.5845
13	-49.8675	13.3704	-49.226
13.3704	-46.66	13	-46.0185
13	-47.3015	13.3704	-46.66
13.7407	-47.3015	13	-47.3015
14.1111	-47.943	13.7407	-47.3015
14.4815	-46.0185	15.2222	-46.0185
14.1111	-45.377	14.4815	-46.0185
13.7407	-46.0185	14.1111	-45.377
13	-46.0185	13.7407	-46.0185
15.963	-44.7355	16.3333	-44.094
15.2222	-44.7355	15.963	-44.7355
15.5926	-45.377	15.2222	-44.7355
15.2222	-46.0185	15.5926	-45.377
18.1852	-49.8675	17.4444	-49.8675
18.5556	-50.509	18.1852	-49.8675
18.9259	-49.8675	18.5556	-50.509
19.6667	-49.8675	18.9259	-49.8675
16.7037	-51.1505	16.3333	-51.792
17.4444	-51.1505	16.7037	-51.1505
17.0741	-50.509	17.4444	-51.1505
17.4444	-49.8675	17.0741	-50.509
15.5926	-50.509	15.2222	-49.8675
15.2222	-51.1505	15.5926	-50.509
15.963	-51.1505	15.2222	-51.1505
16.3333	-51.792	15.963	-51.1505
13.7407	-49.8675	13	-49.8675
14.1111	-50.509	13.7407	-49.8675
14.4815	-49.8675	14.1111	-50.509
15.2222	-49.8675	14.4815	-49.8675
22.2593	-54.358	21.8889	-53.7165
21.8889	-54.9995	22.2593	-54.358
22.6296	-54.9995	21.8889	-54.9995
23	-55.641	22.6296	-54.9995
20.4074	-53.7165	19.6667	-53.7165
20.7778	-54.358	20.4074	-53.7165
21.1481	-53.7165	20.7778	-54.358
21.8889	-53.7165	21.1481	-53.7165
20.4074	-52.4335	20.7778	-51.792
19.6667	-52.4335	20.4074	-52.4335
20.037	-53.075	19.6667	-52.4335
19.6667	-53.7165	20.037	-53.075
20.037	-50.509	19.6667	-49.8675
19.6667	-51.1505	20.037	-50.509
20.4074	-51.1505	19.6667	-51.1505
20.7778	-51.792	20.4074	-51.1505
27.8148	-38.3205	28.5556	-38.3205
27.4444	-37.679	27.8148	-38.3205
27.0741	-38.3205	27.4444	-37.679
26.3333	-38.3205	27.0741	-38.3205
29.2963	-37.0375	29.6667	-36.396
28.5556	-37.0375	29.2963	-37.0375
28.9259	-37.679	28.5556	-37.0375
28.5556	-38.3205	28.9259	-37.679
30.4074	-37.679	30.7778	-38.3205
30.7778	-37.0375	30.4074	-37.679
30.037	-37.0375	30.7778	-37.0375
29.6667	-36.396	30.037	-37.0375
32.2593	-38.3205	33	-38.3205
31.8889	-37.679	32.2593	-38.3205
31.5185	-38.3205	31.8889	-37.679
30.7778	-38.3205	31.5185	-38.3205
23.7407	-33.83	24.1111	-34.4715
24.1111	-33.1885	23.7407	-33.83
23.3704	-33.1885	24.1111	-33.1885
23	-32.547	23.3704	-33.1885
25.5926	-34.4715	26.3333	-34.4715
25.2222	-33.83	25.5926	-34.4715
24.8519	-34.4715	25.2222	-33.83
24.1111	-34.4715	24.8519	-34.4715
25.5926	-35.7545	25.2222	-36.396
26.3333	-35.7545	25.5926	-35.7545
25.963	-35.113	26.3333	-35.7545
26.3333	-34.4715	25.963	-35.113
25.963	-37.679	26.3333	-38.3205
26.3333	-37.0375	25.963	-37.679
25.5926	-37.0375	26.3333	-37.0375
25.2222	-36.396	25.5926	-37.0375
20.4074	-37.0375	20.7778	-36.396
19.6667	-37.0375	20.4074	-37.0375
20.037	-37.679	19.6667	-37.0375
19.6667	-38.3205	20.037	-37.679
20.037	-35.113	19.6667	-34.4715
19.6667	-35.7545	20.037	-35.113
20.4074	-35.7545	19.6667	-35.7545
20.7778	-36.396	20.4074	-35.7545
21.1481	-34.4715	21.8889	-34.4715
20.7778	-33.83	21.1481	-34.4715
20.4074	-34.4715	20.7778	-33.83
19.6667	-34.4715	20.4074	-34.4715
22.6296	-33.1885	23	-32.547
21.8889	-33.1885	22.6296	-33.1885
22.2593	-33.83	21.8889	-33.1885
21.8889	-34.4715	22.2593	-33.83
14.4815	-38.3205	15.2222	-38.3205
14.1111	-37.679	14.4815	-38.3205
13.7407	-38.3205	14.1111	-37.679
13	-38.3205	13.7407	-38.3205
15.963	-37.0375	16.3333	-36.396
15.2222	-37.0375	15.963	-37.0375
15.5926	-37.679	15.2222	-37.0375
15.2222	-38.3205	15.5926	-37.679
17.0741	-37.679	17.4444	-38.3205
17.4444	-37.0375	17.0741	-37.679
16.7037	-37.0375	17.4444	-37.0375
16.3333	-36.396	16.7037	-37.0375
18.9259	-38.3205	19.6667	-38.3205
18.5556	-37.679	18.9259	-38.3205
18.1852	-38.3205	18.5556	-37.679
17.4444	-38.3205	18.1852	-38.3205
40.4074	-25.4905	40.7778	-24.849
39.6667	-25.4905	40.4074	-25.4905
40.037	-26.132	39.6667	-25.4905
39.6667	-26.7735	40.037	-26.132
40.037	-23.566	39.6667	-22.9245
39.6667	-24.2075	40.037	-23.566
40.4074	-24.2075	39.6667	-24.2075
40.7778	-24.849	40.4074	-24.2075
41.1481	-22.9245	41.8889	-22.9245
40.7778	-22.283	41.1481	-22.9245
40.4074	-22.9245	40.7778	-22.283
39.6667	-22.9245	40.4074	-22.9245
42.6296	-21.6415	43	-21
41.8889	-21.6415	42.6296	-21.6415
42.2593	-22.283	41.8889	-21.6415
41.8889	-22.9245	42.2593	-22.283
34.4815	-26.7735	35.2222	-26.7735
34.1111	-26.132	34.4815	-26.7735
33.7407	-26.7735	34.1111	-26.132
33	-26.7735	33.7407	-26.7735
35.963	-25.4905	36.3333	-24.849
35.2222	-25.4905	35.963	-25.4905
35.5926	-26.132	35.2222	-25.4905
35.2222	-26.7735	35.5926	-26.132
37.0741	-26.132	37.4444	-26.7735
37.4444	-25.4905	37.0741	-26.132
36.7037	-25.4905	37.4444	-25.4905
36.3333	-24.849	36.7037	-25.4905
38.9259	-26.7735	39.6667	-26.7735
38.5556	-26.132	38.9259	-26.7735
38.1852	-26.7735	38.5556	-26.132
37.4444	-26.7735	38.1852	-26.7735
35.5926	-31.264	35.2222	-30.6225
35.2222	-31.9055	35.5926	-31.264
35.963	-31.9055	35.2222	-31.9055
36.3333	-32.547	35.963	-31.9055
33.7407	-30.6225	33	-30.6225
34.1111	-31.264	33.7407	-30.6225
34.4815	-30.6225	34.1111	-31.264
35.2222	-30.6225	34.4815	-30.6225
33.7407	-29.3395	34.1111	-28.698
33	-29.3395	33.7407	-29.3395
33.3704	-29.981	33	-29.3395
33	-30.6225	33.3704	-29.981
33.3704	-27.415	33	-26.7735
33	-28.0565	33.3704	-27.415
33.7407	-28.0565	33	-28.0565
34.1111	-28.698	33.7407	-28.0565
33.7407	-37.0375	34.1111	-36.396
33	-37.0375	33.7407	-37.0375
33.3704	-37.679	33	-37.0375
33	-38.3205	33.3704	-37.679
33.3704	-35.113	33	-34.4715
33	-35.7545	33.3704	-35.113
33.7407	-35.7545	33	-35.7545
34.1111	-36.396	33.7407	-35.7545
34.4815	-34.4715	35.2222	-34.4715
34.1111	-33.83	34.4815	-34.4715
33.7407	-34.4715	34.1111	-33.83
33	-34.4715	33.7407	-34.4715
35.963	-33.1885	36.3333	-32.547
35.2222	-33.1885	35.963	-33.1885
35.5926	-33.83	35.2222	-33.1885
35.2222	-34.4715	35.5926	-33.83
-32.1852	-72.9615	-31.4444	-72.9615
-32.5556	-72.32	-32.1852	-72.9615
-32.9259	-72.9615	-32.5556	-72.32
-33.6667	-72.9615	-32.9259	-72.9615
-30.7037	-71.6785	-30.3333	-71.037
-31.4444	-71.6785	-30.7037	-71.6785
-31.0741	-72.32	-31.4444	-71.6785
-31.4444	-72.9615	-31.0741	-72.32
-29.5926	-72.32	-29.2222	-72.9615
-29.2222	-71.6785	-29.5926	-72.32
-29.963	-71.6785	-29.2222	-71.6785
-30.3333	-71.037	-29.963	-71.6785
-27.7407	-72.9615	-27	-72.9615
-28.1111	-72.32	-27.7407	-72.9615
-28.4815	-72.9615	-28.1111	-72.32
-29.2222	-72.9615	-28.4815	-72.9615
-36.2593	-68.471	-35.8889	-69.1125
-35.8889	-67.8295	-36.2593	-68.471
-36.6296	-67.8295	-35.8889	-67.8295
-37	-67.188	-36.6296	-67.8295
-34.4074	-69.1125	-33.6667	-69.1125
-34.7778	-68.471	-34.4074	-69.1125
-35.1481	-69.1125	-34.7778	-68.471
-35.8889	-69.1125	-35.1481	-69.1125
-34.4074	-70.3955	-34.7778	-71.037
-33.6667	-70.3955	-34.4074	-70.3955
-34.037	-69.754	-33.6667	-70.3955
-33.6667	-69.1125	-34.037	-69.754
-34.037	-72.32	-33.6667	-72.9615
-33.6667	-71.6785	-34.037	-72.32
-34.4074	-71.6785	-33.6667	-71.6785
-34.7778	-71.037	-34.4074	-71.6785
-39.5926	-71.6785	-39.2222	-71.037
-40.3333	-71.6785	-39.5926	-71.6785
-39.963	-72.32	-40.3333	-71.6785
-40.3333	-72.9615	-39.963	-72.32
-39.963	-69.754	-40.3333	-69.1125
-40.3333	-70.3955	-39.963	-69.754
-39.5926	-70.3955	-40.3333	-70.3955
-39.2222	-71.037	-39.5926	-70.3955
-38.8519	-69.1125	-38.1111	-69.1125
-39.2222	-68.471	-38.8519	-69.1125
-39.5926	-69.1125	-39.2222	-68.471
-40.3333	-69.1125	-39.5926	-69.1125
-37.3704	-67.8295	-37	-67.188
-38.1111	-67.8295	-37.3704	-67.8295
-37.7407	-68.471	-38.1111	-67.8295
-38.1111	-69.1125	-37.7407	-68.471
-45.5185	-72.9615	-44.7778	-72.9615
-45.8889	-72.32	-45.5185	-72.9615
-46.2593	-72.9615	-45.8889	-72.32
-47	-72.9615	-46.2593	-72.9615
-44.037	-71.6785	-43.6667	-71.037
-44.7778	-71.6785	-44.037	-71.6785
-44.4074	-72.32	-44.7778	-71.6785
-44.7778	-72.9615	-44.4074	-72.32
-42.9259	-72.32	-42.5556	-72.9615
-42.5556	-71.6785	-42.9259	-72.32
-43.2963	-71.6785	-42.5556	-71.6785
-43.6667	-71.037	-43.2963	-71.6785
-41.0741	-72.9615	-40.3333	-72.9615
-41.4444	-72.32	-41.0741	-72.9615
-41.8148	-72.9615	-41.4444	-72.32
-42.5556	-72.9615	-41.8148	-72.9615
-19.5926	-60.1315	-19.2222	-59.49
-20.3333	-60.1315	-19.5926	-60.1315
-19.963	-60.773	-20.3333	-60.1315
-20.3333	-61.4145	-19.963	-60.773
-19.963	-58.207	-20.3333	-57.5655
-20.3333	-58.8485	-19.963	-58.207
-19.5926	-58.8485	-20.3333	-58.8485
-19.2222	-59.49	-19.5926	-58.8485
-18.8519	-57.5655	-18.1111	-57.5655
-19.2222	-56.924	-18.8519	-57.5655
-19.5926	-57.5655	-19.2222	-56.924
-20.3333	-57.5655	-19.5926	-57.5655
-17.3704	-56.2825	-17	-55.641
-18.1111	-56.2825	-17.3704	-56.2825
-17.7407	-56.924	-18.1111	-56.2825
-18.1111	-57.5655	-17.7407	-56.924
-25.5185	-61.4145	-24.7778	-61.4145
-25.8889	-60.773	-25.5185	-61.4145
-26.2593	-61.4145	-25.8889	-60.773
-27	-61.4145	-26.2593	-61.4145
-24.037	-60.1315	-23.6667	-59.49
-24.7778	-60.1315	-24.037	-60.1315
-24.4074	-60.773	-24.7778	-60.1315
-24.7778	-61.4145	-24.4074	-60.773
-22.9259	-60.773	-22.5556	-61.4145
-22.5556	-60.1315	-22.9259	-60.773
-23.2963	-60.1315	-22.5556	-60.1315
-23.6667	-59.49	-23.2963	-60.1315
-21.0741	-61.4145	-20.3333	-61.4145
-21.4444	-60.773	-21.0741	-61.4145
-21.8148	-61.4145	-21.4444	-60.773
-22.5556	-61.4145	-21.8148	-61.4145
-24.4074	-65.905	-24.7778	-65.2635
-24.7778	-66.5465	-24.4074	-65.905
-24.037	-66.5465	-24.7778	-66.5465
-23.6667	-67.188	-24.037	-66.5465
-26.2593	-65.2635	-27	-65.2635
-25.8889	-65.905	-26.2593	-65.2635
-25.5185	-65.2635	-25.8889	-65.905
-24.7778	-65.2635	-25.5185	-65.2635
-26.2593	-63.9805	-25.8889	-63.339
-27	-63.9805	-26.2593	-63.9805
-26.6296	-64.622	-27	-63.9805
-27	-65.2635	-26.6296	-64.622
-26.6296	-62.056	-27	-61.4145
-27	-62.6975	-26.6296	-62.056
-26.2593	-62.6975	-27	-62.6975
-25.8889	-63.339	-26.2593	-62.6975
-26.2593	-71.6785	-25.8889	-71.037
-27	-71.6785	-26.2593	-71.6785
-26.6296	-72.32	-27	-71.6785
-27	-72.9615	-26.6296	-72.32
-26.6296	-69.754	-27	-69.1125
-27	-70.3955	-26.6296	-69.754
-26.2593	-70.3955	-27	-70.3955
-25.8889	-71.037	-26.2593	-70.3955
-25.5185	-69.1125	-24.7778	-69.1125
-25.8889	-68.471	-25.5185	-69.1125
-26.2593	-69.1125	-25.8889	-68.471
-27	-69.1125	-26.2593	-69.1125
-24.037	-67.8295	-23.6667	-67.188
-24.7778	-67.8295	-24.037	-67.8295
-24.4074	-68.471	-24.7778	-67.8295
-24.7778	-69.1125	-24.4074	-68.471
-9.59259	-68.471	-9.22222	-69.1125
-9.22222	-67.8295	-9.59259	-68.471
-9.96296	-67.8295	-9.22222	-67.8295
-10.3333	-67.188	-9.96296	-67.8295
-7.74074	-69.1125	-7	-69.1125
-8.11111	-68.471	-7.74074	-69.1125
-8.48148	-69.1125	-8.11111	-68.471
-9.22222	-69.1125	-8.48148	-69.1125
-7.74074	-70.3955	-8.11111	-71.037
-7	-70.3955	-7.74074	-70.3955
-7.37037	-69.754	-7	-70.3955
-7	-69.1125	-7.37037	-69.754
-7.37037	-72.32	-7	-72.9615
-7	-71.6785	-7.37037	-72.32
-7.74074	-71.6785	-7	-71.6785
-8.11111	-71.037	-7.74074	-71.6785
-7.74074	-62.6975	-8.11111	-63.339
-7	-62.6975	-7.74074	-62.6975
-7.37037	-62.056	-7	-62.6975
-7	-61.4145	-7.37037	-62.056
-7.37037	-64.622	-7	-65.2635
-7	-63.9805	-7.37037	-64.622
-7.74074	-63.9805	-7	-63.9805
-8.11111	-63.339	-7.74074	-63.9805
-8.48148	-65.2635	-9.22222	-65.2635
-8.11111	-65.905	-8.48148	-65.2635
-7.74074	-65.2635	-8.11111	-65.905
-7	-65.2635	-7.74074	-65.2635
-9.96296	-66.5465	-10.3333	-67.188
-9.22222	-66.5465	-9.96296	-66.5465
-9.59259	-65.905	-9.22222	-66.5465
-9.22222	-65.2635	-9.59259	-65.905
-12.1852	-61.4145	-11.4444	-61.4145
-12.5556	-60.773	-12.1852	-61.4145
-12.9259	-61.4145	-12.5556	-60.773
-13.6667	-61.4145	-12.9259	-61.4145
-10.7037	-60.1315	-10.3333	-59.49
-11.4444	-60.1315	-10.7037	-60.1315
-11.0741	-60.773	-11.4444	-60.1315
-11.4444	-61.4145	-11.0741	-60.773
-9.59259	-60.773	-9.22222	-61.4145
-9.22222	-60.1315	-9.59259	-60.773
-9.96296	-60.1315	-9.22222	-60.1315
-10.3333	-59.49	-9.96296	-60.1315
-7.74074	-61.4145	-7	-61.4145
-8.11111	-60.773	-7.74074	-61.4145
-8.48148	-61.4145	-8.11111	-60.773
-9.22222	-61.4145	-8.48148	-61.4145
-16.2593	-56.924	-15.8889	-57.5655
-15.8889	-56.2825	-16.2593	-56.924
-16.6296	-56.2825	-15.8889	-56.2825
-17	-55.641	-16.6296	-56.2825
-14.4074	-57.5655	-13.6667	-57.5655
-14.7778	-56.924	-14.4074	-57.5655
-15.1481	-57.5655	-14.7778	-56.924
-15.8889	-57.5655	-15.1481	-57.5655
-14.4074	-58.8485	-14.7778	-59.49
-13.6667	-58.8485	-14.4074	-58.8485
-14.037	-58.207	-13.6667	-58.8485
-13.6667	-57.5655	-14.037	-58.207
-14.037	-60.773	-13.6667	-61.4145
-13.6667	-60.1315	-14.037	-60.773
-14.4074	-60.1315	-13.6667	-60.1315
-14.7778	-59.49	-14.4074	-60.1315
7.81481	-72.9615	8.55556	-72.9615
7.44444	-72.32	7.81481	-72.9615
7.07407	-72.9615	7.44444	-72.32
6.33333	-72.9615	7.07407	-72.9615
9.2963	-71.6785	9.66667	-71.037
8.55556	-71.6785	9.2963	-71.6785
8.92593	-72.32	8.55556	-71.6785
8.55556	-72.9615	8.92593	-72.32
10.4074	-72.32	10.7778	-72.9615
10.7778	-71.6785	10.4074	-72.32
10.037	-71.6785	10.7778	-71.6785
9.66667	-71.037	10.037	-71.6785
12.2593	-72.9615	13	-72.9615
11.8889	-72.32	12.2593	-72.9615
11.5185	-72.9615	11.8889	-72.32
10.7778	-72.9615	11.5185	-72.9615
3.74074	-68.471	4.11111	-69.1125
4.11111	-67.8295	3.74074	-68.471
3.37037	-67.8295	4.11111	-67.8295
3	-67.188	3.37037	-67.8295
5.59259	-69.1125	6.33333	-69.1125
5.22222	-68.471	5.59259	-69.1125
4.85185	-69.1125	5.22222	-68.471
4.11111	-69.1125	4.85185	-69.1125
5.59259	-70.3955	5.22222	-71.037
6.33333	-70.3955	5.59259	-70.3955
5.96296	-69.754	6.33333	-70.3955
6.33333	-69.1125	5.96296	-69.754
5.96296	-72.32	6.33333	-72.9615
6.33333	-71.6785	5.96296	-72.32
5.59259	-71.6785	6.33333	-71.6785
5.22222	-71.037	5.59259	-71.6785
0.407407	-71.6785	0.777778	-71.037
-0.333333	-71.6785	0.407407	-71.6785
0.037037	-72.32	-0.333333	-71.6785
-0.333333	-72.9615	0.037037	-72.32
0.037037	-69.754	-0.333333	-69.1125
-0.333333	-70.3955	0.037037	-69.754
0.407407	-70.3955	-0.333333	-70.3955
0.777778	-71.037	0.407407	-70.3955
1.14815	-69.1125	1.88889	-69.1125
0.777778	-68.471	1.14815	-69.1125
0.407407	-69.1125	0.777778	-68.471
-0.333333	-69.1125	0.407407	-69.1125
2.62963	-67.8295	3	-67.188
1.88889	-67.8295	2.62963	-67.8295
2.25926	-68.471	1.88889	-67.8295
1.88889	-69.1125	2.25926	-68.471
-5.51852	-72.9615	-4.77778	-72.9615
-5.88889	-72.32	-5.51852	-72.9615
-6.25926	-72.9615	-5.88889	-72.32
-7	-72.9615	-6.25926	-72.9615
-4.03704	-71.6785	-3.66667	-71.037
-4.77778	-71.6785	-4.03704	-71.6785
-4.40741	-72.32	-4.77778	-71.6785
-4.77778	-72.9615	-4.40741	-72.32
-2.92593	-72.32	-2.55556	-72.9615
-2.55556	-71.6785	-2.92593	-72.32
-3.2963	-71.6785	-2.55556	-71.6785
-3.66667	-71.037	-3.2963	-71.6785
-1.07407	-72.9615	-0.333333	-72.9615
-1.44444	-72.32	-1.07407	-72.9615
-1.81481	-72.9615	-1.44444	-72.32
-2.55556	-72.9615	-1.81481	-72.9615
-69.5926	-33.83	-69.2222	-34.4715
-69.2222	-33.1885	-69.5926	-33.83
-69.963	-33.1885	-69.2222	-33.1885
-70.3333	-32.547	-69.963	-33.1885
-67.7407	-34.4715	-67	-34.4715
-68.1111	-33.83	-67.7407	-34.4715
-68.4815	-34.4715	-68.1111	-33.83
-69.2222	-34.4715	-68.4815	-34.4715
-67.7407	-35.7545	-68.1111	-36.396
-67	-35.7545	-67.7407	-35.7545
-67.3704	-35.113	-67	-35.7545
-67	-34.4715	-67.3704	-35.113
-67.3704	-37.679	-67	-38.3205
-67	-37.0375	-67.3704	-37.679
-67.7407	-37.0375	-67	-37.0375
-68.1111	-36.396	-67.7407	-37.0375
-67.7407	-28.0565	-68.1111	-28.698
-67	-28.0565	-67.7407	-28.0565
-67.3704	-27.415	-67	-28.0565
-67	-26.7735	-67.3704	-27.415
-67.3704	-29.981	-67	-30.6225
-67	-29.3395	-67.3704	-29.981
-67.7407	-29.3395	-67	-29.3395
-68.1111	-28.698	-67.7407	-29.3395
-68.4815	-30.6225	-69.2222	-30.6225
-68.1111	-31.264	-68.4815	-30.6225
-67.7407	-30.6225	-68.1111	-31.264
-67	-30.6225	-67.7407	-30.6225
-69.963	-31.9055	-70.3333	-32.547
-69.2222	-31.9055	-69.963	-31.9055
-69.5926	-31.264	-69.2222	-31.9055
-69.2222	-30.6225	-69.5926	-31.264
-72.1852	-26.7735	-71.4444	-26.7735
-72.5556	-26.132	-72.1852	-26.7735
-72.9259	-26.7735	-72.5556	-26.132
-73.6667	-26.7735	-72.9259	-26.7735
-70.7037	-25.4905	-70.3333	-24.849
-71.4444	-25.4905	-70.7037	-25.4905
-71.0741	-26.132	-71.4444	-25.4905
-71.4444	-26.7735	-71.0741	-26.132
-69.5926	-26.132	-69.2222	-26.7735
-69.2222	-25.4905	-69.5926	-26.132
-69.963	-25.4905	-69.2222	-25.4905
-70.3333	-24.849	-69.963	-25.4905
-67.7407	-26.7735	-67	-26.7735
-68.1111	-26.132	-67.7407	-26.7735
-68.4815	-26.7735	-68.1111	-26.132
-69.2222	-26.7735	-68.4815	-26.7735
-76.2593	-22.283	-75.8889	-22.9245
-75.8889	-21.6415	-76.2593	-22.283
-76.6296	-21.6415	-75.8889	-21.6415
-77	-21	-76.6296	-21.6415
-74.4074	-22.9245	-73.6667	-22.9245
-74.7778	-22.283	-74.4074	-22.9245
-75.1481	-22.9245	-74.7778	-22.283
-75.8889	-22.9245	-75.1481	-22.9245
-74.4074	-24.2075	-74.7778	-24.849
-73.6667	-24.2075	-74.4074	-24.2075
-74.037	-23.566	-73.6667	-24.2075
-73.6667	-22.9245	-74.037	-23.566
-74.037	-26.132	-73.6667	-26.7735
-73.6667	-25.4905	-74.037	-26.132
-74.4074	-25.4905	-73.6667	-25.4905
-74.7778	-24.849	-74.4074	-25.4905
-52.1852	-38.3205	-51.4444	-38.3205
-52.5556	-37.679	-52.1852	-38.3205
-52.9259	-38.3205	-52.5556	-37.679
-53.6667	-38.3205	-52.9259	-38.3205
-50.7037	-37.0375	-50.3333	-36.396
-51.4444	-37.0375	-50.7037	-37.0375
-51.0741	-37.679	-51.4444	-37.0375
-51.4444	-38.3205	-51.0741	-37.679
-49.5926	-37.679	-49.2222	-38.3205
-49.2222	-37.0375	-49.5926	-37.679
-49.963	-37.0375	-49.2222	-37.0375
-50.3333	-36.396	-49.963	-37.0375
-47.7407	-38.3205	-47	-38.3205
-48.1111	-37.679	-47.7407	-38.3205
-48.4815	-38.3205	-48.1111	-37.679
-49.2222	-38.3205	-48.4815	-38.3205
-56.2593	-33.83	-55.8889	-34.4715
-55.8889	-33.1885	-56.2593	-33.83
-56.6296	-33.1885	-55.8889	-33.1885
-57	-32.547	-56.6296	-33.1885
-54.4074	-34.4715	-53.6667	-34.4715
-54.7778	-33.83	-54.4074	-34.4715
-55.1481	-34.4715	-54.7778	-33.83
-55.8889	-34.4715	-55.1481	-34.4715
-54.4074	-35.7545	-54.7778	-36.396
-53.6667	-35.7545	-54.4074	-35.7545
-54.037	-35.113	-53.6667	-35.7545
-53.6667	-34.4715	-54.037	-35.113
-54.037	-37.679	-53.6667	-38.3205
-53.6667	-37.0375	-54.037	-37.679
-54.4074	-37.0375	-53.6667	-37.0375
-54.7778	-36.396	-54.4074	-37.0375
-59.5926	-37.0375	-59.2222	-36.396
-60.3333	-37.0375	-59.5926	-37.0375
-59.963	-37.679	-60.3333	-37.0375
-60.3333	-38.3205	-59.963	-37.679
-59.963	-35.113	-60.3333	-34.4715
-60.3333	-35.7545	-59.963	-35.113
-59.5926	-35.7545	-60.3333	-35.7545
-59.2222	-36.396	-59.5926	-35.7545
-58.8519	-34.4715	-58.1111	-34.4715
-59.2222	-33.83	-58.8519	-34.4715
-59.5926	-34.4715	-59.2222	-33.83
-60.3333	-34.4715	-59.5926	-34.4715
-57.3704	-33.1885	-57	-32.547
-58.1111	-33.1885	-57.3704	-33.1885
-57.7407	-33.83	-58.1111	-33.1885
-58.1111	-34.4715	-57.7407	-33.83
-65.5185	-38.3205	-64.7778	-38.3205
-65.8889	-37.679	-65.5185	-38.3205
-66.2593	-38.3205	-65.8889	-37.679
-67	-38.3205	-66.2593	-38.3205
-64.037	-37.0375	-63.6667	-36.396
-64.7778	-37.0375	-64.037	-37.0375
-64.4074	-37.679	-64.7778	-37.0375
-64.7778	-38.3205	-64.4074	-37.679
-62.9259	-37.679	-62.5556	-38.3205
-62.5556	-37.0375	-62.9259	-37.679
-63.2963	-37.0375	-62.5556	-37.0375
-63.6667	-36.396	-63.2963	-37.0375
-61.0741	-38.3205	-60.3333	-38.3205
-61.4444	-37.679	-61.0741	-38.3205
-61.8148	-38.3205	-61.4444	-37.679
-62.5556	-38.3205	-61.8148	-38.3205
-54.4074	-51.1505	-54.7778	-51.792
-53.6667	-51.1505	-54.4074	-51.1505
-54.037	-50.509	-53.6667	-51.1505
-53.6667	-49.8675	-54.037	-50.509
-54.037	-53.075	-53.6667	-53.7165
-53.6667	-52.4335	-54.037	-53.075
-54.4074	-52.4335	-53.6667	-52.4335
-54.7778	-51.792	-54.4074	-52.4335
-55.1481	-53.7165	-55.8889	-53.7165
-54.7778	-54.358	-55.1481	-53.7165
-54.4074	-53.7165	-54.7778	-54.358
-53.6667	-53.7165	-54.4074	-53.7165
-56.6296	-54.9995	-57	-55.641
-55.8889	-54.9995	-56.6296	-54.9995
-56.2593	-54.358	-55.8889	-54.9995
-55.8889	-53.7165	-56.2593	-54.358
-48.4815	-49.8675	-49.2222	-49.8675
-48.1111	-50.509	-48.4815	-49.8675
-47.7407	-49.8675	-48.1111	-50.509
-47	-49.8675	-47.7407	-49.8675
-49.963	-51.1505	-50.3333	-51.792
-49.2222	-51.1505	-49.963	-51.1505
-49.5926	-50.509	-49.2222	-51.1505
-49.2222	-49.8675	-49.5926	-50.509
-51.0741	-50.509	-51.4444	-49.8675
-51.4444	-51.1505	-51.0741	-50.509
-50.7037	-51.1505	-51.4444	-51.1505
-50.3333	-51.792	-50.7037	-51.1505
-52.9259	-49.8675	-53.6667	-49.8675
-52.5556	-50.509	-52.9259	-49.8675
-52.1852	-49.8675	-52.5556	-50.509
-51.4444	-49.8675	-52.1852	-49.8675
-49.5926	-45.377	-49.2222	-46.0185
-49.2222	-44.7355	-49.5926	-45.377
-49.963	-44.7355	-49.2222	-44.7355
-50.3333	-44.094	-49.963	-44.7355
-47.7407	-46.0185	-47	-46.0185
-48.1111	-45.377	-47.7407	-46.0185
-48.4815	-46.0185	-48.1111	-45.377
-49.2222	-46.0185	-48.4815	-46.0185
-47.7407	-47.3015	-48.1111	-47.943
-47	-47.3015	-47.7407	-47.3015
-47.3704	-46.66	-47	-47.3015
-47	-46.0185	-47.3704	-46.66
-47.3704	-49.226	-47	-49.8675
-47	-48.5845	-47.3704	-49.226
-47.7407	-48.5845	-47	-48.5845
-48.1111	-47.943	-47.7407	-48.5845
-47.7407	-39.6035	-48.1111	-40.245
-47	-39.6035	-47.7407	-39.6035
-47.3704	-38.962	-47	-39.6035
-47	-38.3205	-47.3704	-38.962
-47.3704	-41.528	-47	-42.1695
-47	-40.8865	-47.3704	-41.528
-47.7407	-40.8865	-47	-40.8865
-48.1111	-40.245	-47.7407	-40.8865
-48.4815	-42.1695	-49.2222	-42.1695
-48.1111	-42.811	-48.4815	-42.1695
-47.7407	-42.1695	-48.1111	-42.811
-47	-42.1695	-47.7407	-42.1695
-49.963	-43.4525	-50.3333	-44.094
-49.2222	-43.4525	-49.963	-43.4525
-49.5926	-42.811	-49.2222	-43.4525
-49.2222	-42.1695	-49.5926	-42.811
-49.5926	-68.471	-49.2222	-69.1125
-49.2222	-67.8295	-49.5926	-68.471
-49.963	-67.8295	-49.2222	-67.8295
-50.3333	-67.188	-49.963	-67.8295
-47.7407	-69.1125	-47	-69.1125
-48.1111	-68.471	-47.7407	-69.1125
-48.4815	-69.1125	-48.1111	-68.471
-49.2222	-69.1125	-48.4815	-69.1125
-47.7407	-70.3955	-48.1111	-71.037
-47	-70.3955	-47.7407	-70.3955
-47.3704	-69.754	-47	-70.3955
-47	-69.1125	-47.3704	-69.754
-47.3704	-72.32	-47	-72.9615
-47	-71.6785	-47.3704	-72.32
-47.7407	-71.6785	-47	-71.6785
-48.1111	-71.037	-47.7407	-71.6785
-47.7407	-62.6975	-48.1111	-63.339
-47	-62.6975	-47.7407	-62.6975
-47.3704	-62.056	-47	-62.6975
-47	-61.4145	-47.3704	-62.056
-47.3704	-64.622	-47	-65.2635
-47	-63.9805	-47.3704	-64.622
-47.7407	-63.9805	-47	-63.9805
-48.1111	-63.339	-47.7407	-63.9805
-48.4815	-65.2635	-49.2222	-65.2635
-48.1111	-65.905	-48.4815	-65.2635
-47.7407	-65.2635	-48.1111	-65.905
-47	-65.2635	-47.7407	-65.2635
-49.963	-66.5465	-50.3333	-67.188
-49.2222	-66.5465	-49.963	-66.5465
-49.5926	-65.905	-49.2222	-66.5465
-49.2222	-65.2635	-49.5926	-65.905
-52.1852	-61.4145	-51.4444	-61.4145
-52.5556	-60.773	-52.1852	-61.4145
-52.9259	-61.4145	-52.5556	-60.773
-53.6667	-61.4145	-52.9259	-61.4145
-50.7037	-60.1315	-50.3333	-59.49
-51.4444	-60.1315	-50.7037	-60.1315
-51.0741	-60.773	-51.4444	-60.1315
-51.4444	-61.4145	-51.0741	-60.773
-49.5926	-60.773	-49.2222	-61.4145
-49.2222	-60.1315	-49.5926	-60.773
-49.963	-60.1315	-49.2222	-60.1315
-50.3333	-59.49	-49.963	-60.1315
-47.7407	-61.4145	-47	-61.4145
-48.1111	-60.773	-47.7407	-61.4145
-48.4815	-61.4145	-48.1111	-60.773
-49.2222	-61.4145	-48.4815	-61.4145
-56.2593	-56.924	-55.8889	-57.5655
-55.8889	-56.2825	-56.2593	-56.924
-56.6296	-56.2825	-55.8889	-56.2825
-57	-55.641	-56.6296	-56.2825
-54.4074	-57.5655	-53.6667	-57.5655
-54.7778	-56.924	-54.4074	-57.5655
-55.1481	-57.5655	-54.7778	-56.924
-55.8889	-57.5655	-55.1481	-57.5655
-54.4074	-58.8485	-54.7778	-59.49
-53.6667	-58.8485	-54.4074	-58.8485
-54.037	-58.207	-53.6667	-58.8485
-53.6667	-57.5655	-54.037	-58.207
-54.037	-60.773	-53.6667	-61.4145
-53.6667	-60.1315	-54.037	-60.773
-54.4074	-60.1315	-53.6667	-60.1315
-54.7778	-59.49	-54.4074	-60.1315
-54.4074	18.1315	-54.7778	17.49
-53.6667	18.1315	-54.4074	18.1315
-54.037	18.773	-53.6667	18.1315
-53.6667	19.4145	-54.037	18.773
-54.037	16.207	-53.6667	15.5655
-53.6667	16.8485	-54.037	16.207
-54.4074	16.8485	-53.6667	16.8485
-54.7778	17.49	-54.4074	16.8485
-55.1481	15.5655	-55.8889	15.5655
-54.7778	14.924	-55.1481	15.5655
-54.4074	15.5655	-54.7778	14.924
-53.6667	15.5655	-54.4074	15.5655
-56.6296	14.2825	-57	13.641
-55.8889	14.2825	-56.6296	14.2825
-56.2593	14.924	-55.8889	14.2825
-55.8889	15.5655	-56.2593	14.924
-48.4815	19.4145	-49.2222	19.4145
-48.1111	18.773	-48.4815	19.4145
-47.7407	19.4145	-48.1111	18.773
-47	19.4145	-47.7407	19.4145
-49.963	18.1315	-50.3333	17.49
-49.2222	18.1315	-49.963	18.1315
-49.5926	18.773	-49.2222	18.1315
-49.2222	19.4145	-49.5926	18.773
-51.0741	18.773	-51.4444	19.4145
-51.4444	18.1315	-51.0741	18.773
-50.7037	18.1315	-51.4444	18.1315
-50.3333	17.49	-50.7037	18.1315
-52.9259	19.4145	-53.6667	19.4145
-52.5556	18.773	-52.9259	19.4145
-52.1852	19.4145	-52.5556	18.773
-51.4444	19.4145	-52.1852	19.4145
-49.5926	23.905	-49.2222	23.2635
-49.2222	24.5465	-49.5926	23.905
-49.963	24.5465	-49.2222	24.5465
-50.3333	25.188	-49.963	24.5465
-47.7407	23.2635	-47	23.2635
-48.1111	23.905	-47.7407	23.2635
-48.4815	23.2635	-48.1111	23.905
-49.2222	23.2635	-48.4815	23.2635
-47.7407	21.9805	-48.1111	21.339
-47	21.9805	-47.7407	21.9805
-47.3704	22.622	-47	21.9805
-47	23.2635	-47.3704	22.622
-47.3704	20.056	-47	19.4145
-47	20.6975	-47.3704	20.056
-47.7407	20.6975	-47	20.6975
-48.1111	21.339	-47.7407	20.6975
-47.7407	29.6785	-48.1111	29.037
-47	29.6785	-47.7407	29.6785
-47.3704	30.32	-47	29.6785
-47	30.9615	-47.3704	30.32
-47.3704	27.754	-47	27.1125
-47	28.3955	-47.3704	27.754
-47.7407	28.3955	-47	28.3955
-48.1111	29.037	-47.7407	28.3955
-48.4815	27.1125	-49.2222	27.1125
-48.1111	26.471	-48.4815	27.1125
-47.7407	27.1125	-48.1111	26.471
-47	27.1125	-47.7407	27.1125
-49.963	25.8295	-50.3333	25.188
-49.2222	25.8295	-49.963	25.8295
-49.5926	26.471	-49.2222	25.8295
-49.2222	27.1125	-49.5926	26.471
-49.5926	0.81101	-49.2222	0.16951
-49.2222	1.45251	-49.5926	0.81101
-49.963	1.45251	-49.2222	1.45251
-50.3333	2.09401	-49.963	1.45251
-47.7407	0.16951	-47	0.16951
-48.1111	0.81101	-47.7407	0.16951
-48.4815	0.16951	-48.1111	0.81101
-49.2222	0.16951	-48.4815	0.16951
-47.7407	-1.11349	-48.1111	-1.75499
-47	-1.11349	-47.7407	-1.11349
-47.3704	-0.47199	-47	-1.11349
-47	0.16951	-47.3704	-0.47199
-47.3704	-3.03799	-47	-3.67949
-47	-2.39649	-47.3704	-3.03799
-47.7407	-2.39649	-47	-2.39649
-48.1111	-1.75499	-47.7407	-2.39649
-47.7407	6.58451	-48.1111	5.94301
-47	6.58451	-47.7407	6.58451
-47.3704	7.22601	-47	6.58451
-47	7.86751	-47.3704	7.22601
-47.3704	4.66001	-47	4.01851
-47	5.30151	-47.3704	4.66001
-47.7407	5.30151	-47	5.30151
-48.1111	5.94301	-47.7407	5.30151
-48.4815	4.01851	-49.2222	4.01851
-48.1111	3.37701	-48.4815	4.01851
-47.7407	4.01851	-48.1111	3.37701
-47	4.01851	-47.7407	4.01851
-49.963	2.73551	-50.3333	2.09401
-49.2222	2.73551	-49.963	2.73551
-49.5926	3.37701	-49.2222	2.73551
-49.2222	4.01851	-49.5926	3.37701
-52.1852	7.86751	-51.4444	7.86751
-52.5556	8.50901	-52.1852	7.86751
-52.9259	7.86751	-52.5556	8.50901
-53.6667	7.86751	-52.9259	7.86751
-50.7037	9.15051	-50.3333	9.79201
-51.4444	9.15051	-50.7037	9.15051
-51.0741	8.50901	-51.4444	9.15051
-51.4444	7.86751	-51.0741	8.50901
-49.5926	8.50901	-49.2222	7.86751
-49.2222	9.15051	-49.5926	8.50901
-49.963	9.15051	-49.2222	9.15051
-50.3333	9.79201	-49.963	9.15051
-47.7407	7.86751	-47	7.86751
-48.1111	8.50901	-47.7407	7.86751
-48.4815	7.86751	-48.1111	8.50901
-49.2222	7.86751	-48.4815	7.86751
-56.2593	12.358	-55.8889	11.7165
-55.8889	12.9995	-56.2593	12.358
-56.6296	12.9995	-55.8889	12.9995
-57	13.641	-56.6296	12.9995
-54.4074	11.7165	-53.6667	11.7165
-54.7778	12.358	-54.4074	11.7165
-55.1481	11.7165	-54.7778	12.358
-55.8889	11.7165	-55.1481	11.7165
-54.4074	10.4335	-54.7778	9.79201
-53.6667	10.4335	-54.4074	10.4335
-54.037	11.075	-53.6667	10.4335
-53.6667	11.7165	-54.037	11.075
-54.037	8.50901	-53.6667	7.86751
-53.6667	9.15051	-54.037	8.50901
-54.4074	9.15051	-53.6667	9.15051
-54.7778	9.79201	-54.4074	9.15051
-61.8148	-3.67949	-62.5556	-3.67949
-61.4444	-4.32099	-61.8148	-3.67949
-61.0741	-3.67949	-61.4444	-4.32099
-60.3333	-3.67949	-61.0741	-3.67949
-63.2963	-4.96249	-63.6667	-5.60399
-62.5556	-4.96249	-63.2963	-4.96249
-62.9259	-4.32099	-62.5556	-4.96249
-62.5556	-3.67949	-62.9259	-4.32099
-64.4074	-4.32099	-64.7778	-3.67949
-64.7778	-4.96249	-64.4074	-4.32099
-64.037	-4.96249	-64.7778	-4.96249
-63.6667	-5.60399	-64.037	-4.96249
-66.2593	-3.67949	-67	-3.67949
-65.8889	-4.32099	-66.2593	-3.67949
-65.5185	-3.67949	-65.8889	-4.32099
-64.7778	-3.67949	-65.5185	-3.67949
-57.7407	-8.16999	-58.1111	-7.52849
-58.1111	-8.81149	-57.7407	-8.16999
-57.3704	-8.81149	-58.1111	-8.81149
-57	-9.45299	-57.3704	-8.81149
-59.5926	-7.52849	-60.3333	-7.52849
-59.2222	-8.16999	-59.5926	-7.52849
-58.8519	-7.52849	-59.2222	-8.16999
-58.1111	-7.52849	-58.8519	-7.52849
-59.5926	-6.24549	-59.2222	-5.60399
-60.3333	-6.24549	-59.5926	-6.24549
-59.963	-6.88699	-60.3333	-6.24549
-60.3333	-7.52849	-59.963	-6.88699
-59.963	-4.32099	-60.3333	-3.67949
-60.3333	-4.96249	-59.963	-4.32099
-59.5926	-4.96249	-60.3333	-4.96249
-59.2222	-5.60399	-59.5926	-4.96249
-54.4074	-4.96249	-54.7778	-5.60399
-53.6667	-4.96249	-54.4074	-4.96249
-54.037	-4.32099	-53.6667	-4.96249
-53.6667	-3.67949	-54.037	-4.32099
-54.037	-6.88699	-53.6667	-7.52849
-53.6667	-6.24549	-54.037	-6.88699
-54.4074	-6.24549	-53.6667	-6.24549
-54.7778	-5.60399	-54.4074	-6.24549
-55.1481	-7.52849	-55.8889	-7.52849
-54.7778	-8.16999	-55.1481	-7.52849
-54.4074	-7.52849	-54.7778	-8.16999
-53.6667	-7.52849	-54.4074	-7.52849
-56.6296	-8.81149	-57	-9.45299
-55.8889	-8.81149	-56.6296	-8.81149
-56.2593	-8.16999	-55.8889	-8.81149
-55.8889	-7.52849	-56.2593	-8.16999
-48.4815	-3.67949	-49.2222	-3.67949
-48.1111	-4.32099	-48.4815	-3.67949
-47.7407	-3.67949	-48.1111	-4.32099
-47	-3.67949	-47.7407	-3.67949
-49.963	-4.96249	-50.3333	-5.60399
-49.2222	-4.96249	-49.963	-4.96249
-49.5926	-4.32099	-49.2222	-4.96249
-49.2222	-3.67949	-49.5926	-4.32099
-51.0741	-4.32099	-51.4444	-3.67949
-51.4444	-4.96249	-51.0741	-4.32099
-50.7037	-4.96249	-51.4444	-4.96249
-50.3333	-5.60399	-50.7037	-4.96249
-52.9259	-3.67949	-53.6667	-3.67949
-52.5556	-4.32099	-52.9259	-3.67949
-52.1852	-3.67949	-52.5556	-4.32099
-51.4444	-3.67949	-52.1852	-3.67949
-74.4074	-16.5095	-74.7778	-17.151
-73.6667	-16.5095	-74.4074	-16.5095
-74.037	-15.868	-73.6667	-16.5095
-73.6667	-15.2265	-74.037	-15.868
-74.037	-18.434	-73.6667	-19.0755
-73.6667	-17.7925	-74.037	-18.434
-74.4074	-17.7925	-73.6667	-17.7925
-74.7778	-17.151	-74.4074	-17.7925
-75.1481	-19.0755	-75.8889	-19.0755
-74.7778	-19.717	-75.1481	-19.0755
-74.4074	-19.0755	-74.7778	-19.717
-73.6667	-19.0755	-74.4074	-19.0755
-76.6296	-20.3585	-77	-21
-75.8889	-20.3585	-76.6296	-20.3585
-76.2593	-19.717	-75.8889	-20.3585
-75.8889	-19.0755	-76.2593	-19.717
-68.4815	-15.2265	-69.2222	-15.2265
-68.1111	-15.868	-68.4815	-15.2265
-67.7407	-15.2265	-68.1111	-15.868
-67	-15.2265	-67.7407	-15.2265
-69.963	-16.5095	-70.3333	-17.151
-69.2222	-16.5095	-69.963	-16.5095
-69.5926	-15.868	-69.2222	-16.5095
-69.2222	-15.2265	-69.5926	-15.868
-71.0741	-15.868	-71.4444	-15.2265
-71.4444	-16.5095	-71.0741	-15.868
-70.7037	-16.5095	-71.4444	-16.5095
-70.3333	-17.151	-70.7037	-16.5095
-72.9259	-15.2265	-73.6667	-15.2265
-72.5556	-15.868	-72.9259	-15.2265
-72.1852	-15.2265	-72.5556	-15.868
-71.4444	-15.2265	-72.1852	-15.2265
-69.5926	-10.736	-69.2222	-11.3775
-69.2222	-10.0945	-69.5926	-10.736
-69.963	-10.0945	-69.2222	-10.0945
-70.3333	-9.45299	-69.963	-10.0945
-67.7407	-11.3775	-67	-11.3775
-68.1111	-10.736	-67.7407	-11.3775
-68.4815	-11.3775	-68.1111	-10.736
-69.2222	-11.3775	-68.4815	-11.3775
-67.7407	-12.6605	-68.1111	-13.302
-67	-12.6605	-67.7407	-12.6605
-67.3704	-12.019	-67	-12.6605
-67	-11.3775	-67.3704	-12.019
-67.3704	-14.585	-67	-15.2265
-67	-13.9435	-67.3704	-14.585
-67.7407	-13.9435	-67	-13.9435
-68.1111	-13.302	-67.7407	-13.9435
-67.7407	-4.96249	-68.1111	-5.60399
-67	-4.96249	-67.7407	-4.96249
-67.3704	-4.32099	-67	-4.96249
-67	-3.67949	-67.3704	-4.32099
-67.3704	-6.88699	-67	-7.52849
-67	-6.24549	-67.3704	-6.88699
-67.7407	-6.24549	-67	-6.24549
-68.1111	-5.60399	-67.7407	-6.24549
-68.4815	-7.52849	-69.2222	-7.52849
-68.1111	-8.16999	-68.4815	-7.52849
-67.7407	-7.52849	-68.1111	-8.16999
-67	-7.52849	-67.7407	-7.52849
-69.963	-8.81149	-70.3333	-9.45299
-69.2222	-8.81149	-69.963	-8.81149
-69.5926	-8.16999	-69.2222	-8.81149
-69.2222	-7.52849	-69.5926	-8.16999
-1.81481	30.9615	-2.55556	30.9615
-1.44444	30.32	-1.81481	30.9615
-1.07407	30.9615	-1.44444	30.32
-0.333333	30.9615	-1.07407	30.9615
-3.2963	29.6785	-3.66667	29.037
-2.55556	29.6785	-3.2963	29.6785
-2.92593	30.32	-2.55556	29.6785
-2.55556	30.9615	-2.92593	30.32
-4.40741	30.32	-4.77778	30.9615
-4.77778	29.6785	-4.40741	30.32
-4.03704	29.6785	-4.77778	29.6785
-3.66667	29.037	-4.03704	29.6785
-6.25926	30.9615	-7	30.9615
-5.88889	30.32	-6.25926	30.9615
-5.51852	30.9615	-5.88889	30.32
-4.77778	30.9615	-5.51852	30.9615
2.25926	26.471	1.88889	27.1125
1.88889	25.8295	2.25926	26.471
2.62963	25.8295	1.88889	25.8295
3	25.188	2.62963	25.8295
0.407407	27.1125	-0.333333	27.1125
0.777778	26.471	0.407407	27.1125
1.14815	27.1125	0.777778	26.471
1.88889	27.1125	1.14815	27.1125
0.407407	28.3955	0.777778	29.037
-0.333333	28.3955	0.407407	28.3955
0.037037	27.754	-0.333333	28.3955
-0.333333	27.1125	0.037037	27.754
0.037037	30.32	-0.333333	30.9615
-0.333333	29.6785	0.037037	30.32
0.407407	29.6785	-0.333333	29.6785
0.777778	29.037	0.407407	29.6785
5.59259	29.6785	5.22222	29.037
6.33333	29.6785	5.59259	29.6785
5.96296	30.32	6.33333	29.6785
6.33333	30.9615	5.96296	30.32
5.96296	27.754	6.33333	27.1125
6.33333	28.3955	5.96296	27.754
5.59259	28.3955	6.33333	28.3955
5.22222	29.037	5.59259	28.3955
4.85185	27.1125	4.11111	27.1125
5.22222	26.471	4.85185	27.1125
5.59259	27.1125	5.22222	26.471
6.33333	27.1125	5.59259	27.1125
3.37037	25.8295	3	25.188
4.11111	25.8295	3.37037	25.8295
3.74074	26.471	4.11111	25.8295
4.11111	27.1125	3.74074	26.471
11.5185	30.9615	10.7778	30.9615
11.8889	30.32	11.5185	30.9615
12.2593	30.9615	11.8889	30.32
13	30.9615	12.2593	30.9615
10.037	29.6785	9.66667	29.037
10.7778	29.6785	10.037	29.6785
10.4074	30.32	10.7778	29.6785
10.7778	30.9615	10.4074	30.32
8.92593	30.32	8.55556	30.9615
8.55556	29.6785	8.92593	30.32
9.2963	29.6785	8.55556	29.6785
9.66667	29.037	9.2963	29.6785
7.07407	30.9615	6.33333	30.9615
7.44444	30.32	7.07407	30.9615
7.81481	30.9615	7.44444	30.32
8.55556	30.9615	7.81481	30.9615
-14.4074	18.1315	-14.7778	17.49
-13.6667	18.1315	-14.4074	18.1315
-14.037	18.773	-13.6667	18.1315
-13.6667	19.4145	-14.037	18.773
-14.037	16.207	-13.6667	15.5655
-13.6667	16.8485	-14.037	16.207
-14.4074	16.8485	-13.6667	16.8485
-14.7778	17.49	-14.4074	16.8485
-15.1481	15.5655	-15.8889	15.5655
-14.7778	14.924	-15.1481	15.5655
-14.4074	15.5655	-14.7778	14.924
-13.6667	15.5655	-14.4074	15.5655
-16.6296	14.2825	-17	13.641
-15.8889	14.2825	-16.6296	14.2825
-16.2593	14.924	-15.8889	14.2825
-15.8889	15.5655	-16.2593	14.924
-8.48148	19.4145	-9.22222	19.4145
-8.11111	18.773	-8.48148	19.4145
-7.74074	19.4145	-8.11111	18.773
-7	19.4145	-7.74074	19.4145
-9.96296	18.1315	-10.3333	17.49
-9.22222	18.1315	-9.96296	18.1315
-9.59259	18.773	-9.22222	18.1315
-9.22222	19.4145	-9.59259	18.773
-11.0741	18.773	-11.4444	19.4145
-11.4444	18.1315	-11.0741	18.773
-10.7037	18.1315	-11.4444	18.1315
-10.3333	17.49	-10.7037	18.1315
-12.9259	19.4145	-13.6667	19.4145
-12.5556	18.773	-12.9259	19.4145
-12.1852	19.4145	-12.5556	18.773
-11.4444	19.4145	-12.1852	19.4145
-9.59259	23.905	-9.22222	23.2635
-9.22222	24.5465	-9.59259	23.905
-9.96296	24.5465	-9.22222	24.5465
-10.3333	25.188	-9.96296	24.5465
-7.74074	23.2635	-7	23.2635
-8.11111	23.905	-7.74074	23.2635
-8.48148	23.2635	-8.11111	23.905
-9.22222	23.2635	-8.48148	23.2635
-7.74074	21.9805	-8.11111	21.339
-7	21.9805	-7.74074	21.9805
-7.37037	22.622	-7	21.9805
-7	23.2635	-7.37037	22.622
-7.37037	20.056	-7	19.4145
-7	20.6975	-7.37037	20.056
-7.74074	20.6975	-7	20.6975
-8.11111	21.339	-7.74074	20.6975
-7.74074	29.6785	-8.11111	29.037
-7	29.6785	-7.74074	29.6785
-7.37037	30.32	-7	29.6785
-7	30.9615	-7.37037	30.32
-7.37037	27.754	-7	27.1125
-7	28.3955	-7.37037	27.754
-7.74074	28.3955	-7	28.3955
-8.11111	29.037	-7.74074	28.3955
-8.48148	27.1125	-9.22222	27.1125
-8.11111	26.471	-8.48148	27.1125
-7.74074	27.1125	-8.11111	26.471
-7	27.1125	-7.74074	27.1125
-9.96296	25.8295	-10.3333	25.188
-9.22222	25.8295	-9.96296	25.8295
-9.59259	26.471	-9.22222	25.8295
-9.22222	27.1125	-9.59259	26.471
-24.4074	26.471	-24.7778	27.1125
-24.7778	25.8295	-24.4074	26.471
-24.037	25.8295	-24.7778	25.8295
-23.6667	25.188	-24.037	25.8295
-26.2593	27.1125	-27	27.1125
-25.8889	26.471	-26.2593	27.1125
-25.5185	27.1125	-25.8889	26.471
-24.7778	27.1125	-25.5185	27.1125
-26.2593	28.3955	-25.8889	29.037
-27	28.3955	-26.2593	28.3955
-26.6296	27.754	-27	28.3955
-27	27.1125	-26.6296	27.754
-26.6296	30.32	-27	30.9615
-27	29.6785	-26.6296	30.32
-26.2593	29.6785	-27	29.6785
-25.8889	29.037	-26.2593	29.6785
-26.2593	20.6975	-25.8889	21.339
-27	20.6975	-26.2593	20.6975
-26.6296	20.056	-27	20.6975
-27	19.4145	-26.6296	20.056
-26.6296	22.622	-27	23.2635
-27	21.9805	-26.6296	22.622
-26.2593	21.9805	-27	21.9805
-25.8889	21.339	-26.2593	21.9805
-25.5185	23.2635	-24.7778	23.2635
-25.8889	23.905	-25.5185	23.2635
-26.2593	23.2635	-25.8889	23.905
-27	23.2635	-26.2593	23.2635
-24.037	24.5465	-23.6667	25.188
-24.7778	24.5465	-24.037	24.5465
-24.4074	23.905	-24.7778	24.5465
-24.7778	23.2635	-24.4074	23.905
-21.8148	19.4145	-22.5556	19.4145
-21.4444	18.773	-21.8148	19.4145
-21.0741	19.4145	-21.4444	18.773
-20.3333	19.4145	-21.0741	19.4145
-23.2963	18.1315	-23.6667	17.49
-22.5556	18.1315	-23.2963	18.1315
-22.9259	18.773	-22.5556	18.1315
-22.5556	19.4145	-22.9259	18.773
-24.4074	18.773	-24.7778	19.4145
-24.7778	18.1315	-24.4074	18.773
-24.037	18.1315	-24.7778	18.1315
-23.6667	17.49	-24.037	18.1315
-26.2593	19.4145	-27	19.4145
-25.8889	18.773	-26.2593	19.4145
-25.5185	19.4145	-25.8889	18.773
-24.7778	19.4145	-25.5185	19.4145
-17.7407	14.924	-18.1111	15.5655
-18.1111	14.2825	-17.7407	14.924
-17.3704	14.2825	-18.1111	14.2825
-17	13.641	-17.3704	14.2825
-19.5926	15.5655	-20.3333	15.5655
-19.2222	14.924	-19.5926	15.5655
-18.8519	15.5655	-19.2222	14.924
-18.1111	15.5655	-18.8519	15.5655
-19.5926	16.8485	-19.2222	17.49
-20.3333	16.8485	-19.5926	16.8485
-19.963	16.207	-20.3333	16.8485
-20.3333	15.5655	-19.963	16.207
-19.963	18.773	-20.3333	19.4145
-20.3333	18.1315	-19.963	18.773
-19.5926	18.1315	-20.3333	18.1315
-19.2222	17.49	-19.5926	18.1315
-41.8148	30.9615	-42.5556	30.9615
-41.4444	30.32	-41.8148	30.9615
-41.0741	30.9615	-41.4444	30.32
-40.3333	30.9615	-41.0741	30.9615
-43.2963	29.6785	-43.6667	29.037
-42.5556	29.6785	-43.2963	29.6785
-42.9259	30.32	-42.5556	29.6785
-42.5556	30.9615	-42.9259	30.32
-44.4074	30.32	-44.7778	30.9615
-44.7778	29.6785	-44.4074	30.32
-44.037	29.6785	-44.7778	29.6785
-43.6667	29.037	-44.037	29.6785
-46.2593	30.9615	-47	30.9615
-45.8889	30.32	-46.2593	30.9615
-45.5185	30.9615	-45.8889	30.32
-44.7778	30.9615	-45.5185	30.9615
-37.7407	26.471	-38.1111	27.1125
-38.1111	25.8295	-37.7407	26.471
-37.3704	25.8295	-38.1111	25.8295
-37	25.188	-37.3704	25.8295
-39.5926	27.1125	-40.3333	27.1125
-39.2222	26.471	-39.5926	27.1125
-38.8519	27.1125	-39.2222	26.471
-38.1111	27.1125	-38.8519	27.1125
-39.5926	28.3955	-39.2222	29.037
-40.3333	28.3955	-39.5926	28.3955
-39.963	27.754	-40.3333	28.3955
-40.3333	27.1125	-39.963	27.754
-39.963	30.32	-40.3333	30.9615
-40.3333	29.6785	-39.963	30.32
-39.5926	29.6785	-40.3333	29.6785
-39.2222	29.037	-39.5926	29.6785
-34.4074	29.6785	-34.7778	29.037
-33.6667	29.6785	-34.4074	29.6785
-34.037	30.32	-33.6667	29.6785
-33.6667	30.9615	-34.037	30.32
-34.037	27.754	-33.6667	27.1125
-33.6667	28.3955	-34.037	27.754
-34.4074	28.3955	-33.6667	28.3955
-34.7778	29.037	-34.4074	28.3955
-35.1481	27.1125	-35.8889	27.1125
-34.7778	26.471	-35.1481	27.1125
-34.4074	27.1125	-34.7778	26.471
-33.6667	27.1125	-34.4074	27.1125
-36.6296	25.8295	-37	25.188
-35.8889	25.8295	-36.6296	25.8295
-36.2593	26.471	-35.8889	25.8295
-35.8889	27.1125	-36.2593	26.471
-28.4815	30.9615	-29.2222	30.9615
-28.1111	30.32	-28.4815	30.9615
-27.7407	30.9615	-28.1111	30.32
-27	30.9615	-27.7407	30.9615
-29.963	29.6785	-30.3333	29.037
-29.2222	29.6785	-29.963	29.6785
-29.5926	30.32	-29.2222	29.6785
-29.2222	30.9615	-29.5926	30.32
-31.0741	30.32	-31.4444	30.9615
-31.4444	29.6785	-31.0741	30.32
-30.7037	29.6785	-31.4444	29.6785
-30.3333	29.037	-30.7037	29.6785
-32.9259	30.9615	-33.6667	30.9615
-32.5556	30.32	-32.9259	30.9615
-32.1852	30.9615	-32.5556	30.32
-31.4444	30.9615	-32.1852	30.9615
35.5926	-8.16999	35.2222	-7.52849
35.2222	-8.81149	35.5926	-8.16999
35.963	-8.81149	35.2222	-8.81149
36.3333	-9.45299	35.963	-8.81149
33.7407	-7.52849	33	-7.52849
34.1111	-8.16999	33.7407	-7.52849
34.4815	-7.52849	34.1111	-8.16999
35.2222	-7.52849	34.4815	-7.52849
33.7407	-6.24549	34.1111	-5.60399
33	-6.24549	33.7407	-6.24549
33.3704	-6.88699	33	-6.24549
33	-7.52849	33.3704	-6.88699
33.3704	-4.32099	33	-3.67949
33	-4.96249	33.3704	-4.32099
33.7407	-4.96249	33	-4.96249
34.1111	-5.60399	33.7407	-4.96249
33.7407	-13.9435	34.1111	-13.302
33	-13.9435	33.7407	-13.9435
33.3704	-14.585	33	-13.9435
33	-15.2265	33.3704	-14.585
33.3704	-12.019	33	-11.3775
33	-12.6605	33.3704	-12.019
33.7407	-12.6605	33	-12.6605
34.1111	-13.302	33.7407	-12.6605
34.4815	-11.3775	35.2222	-11.3775
34.1111	-10.736	34.4815	-11.3775
33.7407	-11.3775	34.1111	-10.736
33	-11.3775	33.7407	-11.3775
35.963	-10.0945	36.3333	-9.45299
35.2222	-10.0945	35.963	-10.0945
35.5926	-10.736	35.2222	-10.0945
35.2222	-11.3775	35.5926	-10.736
38.1852	-15.2265	37.4444	-15.2265
38.5556	-15.868	38.1852	-15.2265
38.9259	-15.2265	38.5556	-15.868
39.6667	-15.2265	38.9259	-15.2265
36.7037	-16.5095	36.3333	-17.151
37.4444	-16.5095	36.7037	-16.5095
37.0741	-15.868	37.4444	-16.5095
37.4444	-15.2265	37.0741	-15.868
35.5926	-15.868	35.2222	-15.2265
35.2222	-16.5095	35.5926	-15.868
35.963	-16.5095	35.2222	-16.5095
36.3333	-17.151	35.963	-16.5095
33.7407	-15.2265	33	-15.2265
34.1111	-15.868	33.7407	-15.2265
34.4815	-15.2265	34.1111	-15.868
35.2222	-15.2265	34.4815	-15.2265
42.2593	-19.717	41.8889	-19.0755
41.8889	-20.3585	42.2593	-19.717
42.6296	-20.3585	41.8889	-20.3585
43	-21	42.6296	-20.3585
40.4074	-19.0755	39.6667	-19.0755
40.7778	-19.717	40.4074	-19.0755
41.1481	-19.0755	40.7778	-19.717
41.8889	-19.0755	41.1481	-19.0755
40.4074	-17.7925	40.7778	-17.151
39.6667	-17.7925	40.4074	-17.7925
40.037	-18.434	39.6667	-17.7925
39.6667	-19.0755	40.037	-18.434
40.037	-15.868	39.6667	-15.2265
39.6667	-16.5095	40.037	-15.868
40.4074	-16.5095	39.6667	-16.5095
40.7778	-17.151	40.4074	-16.5095
18.1852	-3.67949	17.4444	-3.67949
18.5556	-4.32099	18.1852	-3.67949
18.9259	-3.67949	18.5556	-4.32099
19.6667	-3.67949	18.9259	-3.67949
16.7037	-4.96249	16.3333	-5.60399
17.4444	-4.96249	16.7037	-4.96249
17.0741	-4.32099	17.4444	-4.96249
17.4444	-3.67949	17.0741	-4.32099
15.5926	-4.32099	15.2222	-3.67949
15.2222	-4.96249	15.5926	-4.32099
15.963	-4.96249	15.2222	-4.96249
16.3333	-5.60399	15.963	-4.96249
13.7407	-3.67949	13	-3.67949
14.1111	-4.32099	13.7407	-3.67949
14.4815	-3.67949	14.1111	-4.32099
15.2222	-3.67949	14.4815	-3.67949
22.2593	-8.16999	21.8889	-7.52849
21.8889	-8.81149	22.2593	-8.16999
22.6296	-8.81149	21.8889	-8.81149
23	-9.45299	22.6296	-8.81149
20.4074	-7.52849	19.6667	-7.52849
20.7778	-8.16999	20.4074	-7.52849
21.1481	-7.52849	20.7778	-8.16999
21.8889	-7.52849	21.1481	-7.52849
20.4074	-6.24549	20.7778	-5.60399
19.6667	-6.24549	20.4074	-6.24549
20.037	-6.88699	19.6667	-6.24549
19.6667	-7.52849	20.037	-6.88699
20.037	-4.32099	19.6667	-3.67949
19.6667	-4.96249	20.037	-4.32099
20.4074	-4.96249	19.6667	-4.96249
20.7778	-5.60399	20.4074	-4.96249
25.5926	-4.96249	25.2222	-5.60399
26.3333	-4.96249	25.5926	-4.96249
25.963	-4.32099	26.3333	-4.96249
26.3333	-3.67949	25.963	-4.32099
25.963	-6.88699	26.3333	-7.52849
26.3333	-6.24549	25.963	-6.88699
25.5926	-6.24549	26.3333	-6.24549
25.2222	-5.60399	25.5926	-6.24549
24.8519	-7.52849	24.1111	-7.52849
25.2222	-8.16999	24.8519	-7.52849
25.5926	-7.52849	25.2222	-8.16999
26.3333	-7.52849	25.5926	-7.52849
23.3704	-8.81149	23	-9.45299
24.1111	-8.81149	23.3704	-8.81149
23.7407	-8.16999	24.1111	-8.81149
24.1111	-7.52849	23.7407	-8.16999
31.5185	-3.67949	30.7778	-3.67949
31.8889	-4.32099	31.5185	-3.67949
32.2593	-3.67949	31.8889	-4.32099
33	-3.67949	32.2593	-3.67949
30.037	-4.96249	29.6667	-5.60399
30.7778	-4.96249	30.037	-4.96249
30.4074	-4.32099	30.7778	-4.96249
30.7778	-3.67949	30.4074	-4.32099
28.9259	-4.32099	28.5556	-3.67949
28.5556	-4.96249	28.9259	-4.32099
29.2963	-4.96249	28.5556	-4.96249
29.6667	-5.60399	29.2963	-4.96249
27.0741	-3.67949	26.3333	-3.67949
27.4444	-4.32099	27.0741	-3.67949
27.8148	-3.67949	27.4444	-4.32099
28.5556	-3.67949	27.8148	-3.67949
20.4074	9.15051	20.7778	9.79201
19.6667	9.15051	20.4074	9.15051
20.037	8.50901	19.6667	9.15051
19.6667	7.86751	20.037	8.50901
20.037	11.075	19.6667	11.7165
19.6667	10.4335	20.037	11.075
20.4074	10.4335	19.6667	10.4335
20.7778	9.79201	20.4074	10.4335
21.1481	11.7165	21.8889	11.7165
20.7778	12.358	21.1481	11.7165
20.4074	11.7165	20.7778	12.358
19.6667	11.7165	20.4074	11.7165
22.6296	12.9995	23	13.641
21.8889	12.9995	22.6296	12.9995
22.2593	12.358	21.8889	12.9995
21.8889	11.7165	22.2593	12.358
14.4815	7.86751	15.2222	7.86751
14.1111	8.50901	14.4815	7.86751
13.7407	7.86751	14.1111	8.50901
13	7.86751	13.7407	7.86751
15.963	9.15051	16.3333	9.79201
15.2222	9.15051	15.963	9.15051
15.5926	8.50901	15.2222	9.15051
15.2222	7.86751	15.5926	8.50901
17.0741	8.50901	17.4444	7.86751
17.4444	9.15051	17.0741	8.50901
16.7037	9.15051	17.4444	9.15051
16.3333	9.79201	16.7037	9.15051
18.9259	7.86751	19.6667	7.86751
18.5556	8.50901	18.9259	7.86751
18.1852	7.86751	18.5556	8.50901
17.4444	7.86751	18.1852	7.86751
15.5926	3.37701	15.2222	4.01851
15.2222	2.73551	15.5926	3.37701
15.963	2.73551	15.2222	2.73551
16.3333	2.09401	15.963	2.73551
13.7407	4.01851	13	4.01851
14.1111	3.37701	13.7407	4.01851
14.4815	4.01851	14.1111	3.37701
15.2222	4.01851	14.4815	4.01851
13.7407	5.30151	14.1111	5.94301
13	5.30151	13.7407	5.30151
13.3704	4.66001	13	5.30151
13	4.01851	13.3704	4.66001
13.3704	7.22601	13	7.86751
13	6.58451	13.3704	7.22601
13.7407	6.58451	13	6.58451
14.1111	5.94301	13.7407	6.58451
13.7407	-2.39649	14.1111	-1.75499
13	-2.39649	13.7407	-2.39649
13.3704	-3.03799	13	-2.39649
13	-3.67949	13.3704	-3.03799
13.3704	-0.47199	13	0.16951
13	-1.11349	13.3704	-0.47199
13.7407	-1.11349	13	-1.11349
14.1111	-1.75499	13.7407	-1.11349
14.4815	0.16951	15.2222	0.16951
14.1111	0.81101	14.4815	0.16951
13.7407	0.16951	14.1111	0.81101
13	0.16951	13.7407	0.16951
15.963	1.45251	16.3333	2.09401
15.2222	1.45251	15.963	1.45251
15.5926	0.81101	15.2222	1.45251
15.2222	0.16951	15.5926	0.81101
15.5926	26.471	15.2222	27.1125
15.2222	25.8295	15.5926	26.471
15.963	25.8295	15.2222	25.8295
16.3333	25.188	15.963	25.8295
13.7407	27.1125	13	27.1125
14.1111	26.471	13.7407	27.1125
14.4815	27.1125	14.1111	26.471
15.2222	27.1125	14.4815	27.1125
13.7407	28.3955	14.1111	29.037
13	28.3955	13.7407	28.3955
13.3704	27.754	13	28.3955
13	27.1125	13.3704	27.754
13.3704	30.32	13	30.9615
13	29.6785	13.3704	30.32
13.7407	29.6785	13	29.6785
14.1111	29.037	13.7407	29.6785
13.7407	20.6975	14.1111	21.339
13	20.6975	13.7407	20.6975
13.3704	20.056	13	20.6975
13	19.4145	13.3704	20.056
13.3704	22.622	13	23.2635
13	21.9805	13.3704	22.622
13.7407	21.9805	13	21.9805
14.1111	21.339	13.7407	21.9805
14.4815	23.2635	15.2222	23.2635
14.1111	23.905	14.4815	23.2635
13.7407	23.2635	14.1111	23.905
13	23.2635	13.7407	23.2635
15.963	24.5465	16.3333	25.188
15.2222	24.5465	15.963	24.5465
15.5926	23.905	15.2222	24.5465
15.2222	23.2635	15.5926	23.905
18.1852	19.4145	17.4444	19.4145
18.5556	18.773	18.1852	19.4145
18.9259	19.4145	18.5556	18.773
19.6667	19.4145	18.9259	19.4145
16.7037	18.1315	16.3333	17.49
17.4444	18.1315	16.7037	18.1315
17.0741	18.773	17.4444	18.1315
17.4444	19.4145	17.0741	18.773
15.5926	18.773	15.2222	19.4145
15.2222	18.1315	15.5926	18.773
15.963	18.1315	15.2222	18.1315
16.3333	17.49	15.963	18.1315
13.7407	19.4145	13	19.4145
14.1111	18.773	13.7407	19.4145
14.4815	19.4145	14.1111	18.773
15.2222	19.4145	14.4815	19.4145
22.2593	14.924	21.8889	15.5655
21.8889	14.2825	22.2593	14.924
22.6296	14.2825	21.8889	14.2825
23	13.641	22.6296	14.2825
20.4074	15.5655	19.6667	15.5655
20.7778	14.924	20.4074	15.5655
21.1481	15.5655	20.7778	14.924
21.8889	15.5655	21.1481	15.5655
20.4074	16.8485	20.7778	17.49
19.6667	16.8485	20.4074	16.8485
20.037	16.207	19.6667	16.8485
19.6667	15.5655	20.037	16.207
20.037	18.773	19.6667	19.4145
19.6667	18.1315	20.037	18.773
20.4074	18.1315	19.6667	18.1315
20.7778	17.49	20.4074	18.1315
